S1 -29.016590 102.470499 -4.493536
S2 0.130807 95.166598 -0.121185
S3 29.355741 100.649069 -3.188569
S4 -67.697577 6.085637 61.602639
S5 -28.279692 -2.813574 92.645100
S6 29.498505 -4.239020 92.778334
S7 68.131921 9.708661 61.817021
S8 -0.558684 35.391527 91.682621
D1 -45.144100 90.227644 -16.927541
D2 -13.803275 77.427648 -3.603222
D3 13.037802 76.758936 -3.007489
D4 45.087698 87.472504 -14.639249
D5 -72.065457 35.908668 39.225643
D6 -79.595817 0.870364 41.759032
D7 -54.130898 16.732806 73.215217
D8 -57.780507 -21.445058 75.115501
D9 -0.681429 15.834935 96.300385
D10 -0.807486 -24.105808 98.543421
D11 53.239491 17.674783 74.998655
D12 56.898597 -20.470636 77.224222
D13 72.106595 36.956810 41.604326
D14 79.682151 2.498124 44.620942
D15 -17.434053 54.089353 82.397050
D16 16.500288 54.294726 82.925544
D17 -75.783526 -24.977663 51.554363
D18 77.190159 -12.893134 54.206606
D19 -0.192933 71.606454 75.048223
D20 -21.339306 102.946795 -1.484257
D21 7.193020 94.938405 -0.104377
D22 36.040275 101.190666 -6.170767
D23 -64.341681 14.471593 62.940496
D24 -24.439482 3.979658 93.429957
D25 33.293485 -11.994500 91.623822
D26 71.506970 2.569570 59.827768
D27 7.277243 36.343565 91.195682
